g:

b_1 = 1.999992e+01
b_5 = 4.999982e+00
b_8 = 9.993442e-01
b_21 = 9.956820e-01

g:

>> showGraph
b_1 = 1.999992e+01
b_5 = 4.999982e+00
b_8 = 9.993442e-01
b_21 = 9.956820e-01
>> showGraph
a_0 = 1.532278e+01
a_1 = 4.606663e+00
b_1 = -9.962820e+00
a_2 = -2.038454e-01
b_2 = -1.000424e+00
a_3 = 1.214770e+01
b_3 = -2.991107e-01
a_4 = -9.864214e-02
b_4 = -6.264619e-02
a_5 = 4.459633e-01
b_5 = 4.090827e-01
a_6 = 6.424984e-02
b_6 = 3.114453e-01
b_7 = -1.098186e+01
a_8 = -5.033914e+00
b_8 = 2.581315e-01
a_9 = 1.072421e-01
b_9 = -3.296489e-01
b_10 = 1.668750e-01
a_11 = -2.589565e-01
b_11 = 2.376319e-01
a_12 = -8.101496e-02
b_12 = -2.383607e-01
a_14 = 1.232007e-01
b_14 = 1.330816e-01
a_16 = -1.978974e-01
b_16 = 1.146847e-01
a_17 = 8.061827e-02
b_17 = -7.508936e-02
a_18 = 5.676531e-02
b_18 = 1.544341e-01
b_19 = 1.227508e-01
a_20 = 5.061681e-02
b_20 = 6.446645e-02
b_21 = 9.902777e-02
a_22 = 1.591378e-01
b_22 = -7.417374e-02
b_24 = 1.078408e-01
a_25 = 3.894920e-01
b_25 = 1.002372e-01
a_26 = -2.095952e-01
b_27 = 6.237315e-02
a_28 = 7.603866e-02
a_29 = 1.191426e-01
b_29 = -1.051772e-01
b_30 = -7.237153e-02
a_31 = 1.174378e-01
a_34 = 1.135078e-01
a_35 = -9.394412e-02
b_35 = -9.821157e-02
a_36 = -1.504256e-01
b_36 = -8.058397e-02
a_37 = -1.111634e-01
a_38 = -1.794287e-01
b_38 = 1.627723e-01
a_39 = 1.116799e-01
b_39 = 1.113622e-01
a_40 = 1.564417e-01
b_40 = 9.690456e-02
a_43 = 7.914385e-02
b_44 = -5.704510e-02
b_45 = 1.096349e-01
a_46 = -1.067907e-01
b_46 = 5.499694e-02
b_47 = 9.364169e-02
a_48 = -1.259362e-01
b_51 = 1.516776e-01
a_52 = -5.077443e-02
a_53 = -1.162534e-01
b_53 = -1.020021e-01
b_54 = -6.819285e-02
a_55 = -1.010545e-01
b_56 = 1.350598e-01
a_57 = -9.241985e-02
b_57 = 1.052568e-01
b_58 = 7.291742e-02
a_60 = 1.159905e-01
a_61 = -6.400729e-02
b_62 = 7.038824e-02
a_63 = 1.353752e-01
b_64 = 1.342983e-01
b_67 = 7.898700e-02
a_68 = 1.058242e-01
a_71 = 1.314011e-01
b_72 = -9.694385e-02
a_73 = -5.225373e-02
b_73 = 5.135108e-02
a_75 = 1.321945e-01
a_76 = 5.667938e-02
b_77 = 7.773414e-02
a_78 = 5.645594e-02
a_79 = -9.881198e-02
a_80 = -8.155260e-02
b_81 = 1.001682e-01
a_83 = 7.684868e-02
b_83 = 5.956649e-02
b_86 = 5.346595e-02
b_88 = 7.490849e-02
a_90 = -6.665575e-02
a_92 = -8.685544e-02
b_92 = 1.239424e-01
a_93 = 1.345095e-01
a_94 = 6.562123e-02
a_95 = -1.186968e-01
b_95 = -9.001242e-02
a_96 = 1.468166e-01
b_96 = 1.341470e-01
a_97 = -7.387362e-02
b_97 = 6.750419e-02
a_99 = -7.670187e-02
b_100 = -7.047129e-02