function res=g_math04(x)

t=-25:0.01:25;

y=[[12.5862418112775,10.3382418448991,9.25010551249660,9.18022347815224,7.31739563705674,8.84058614501331,7.42687194020156,5.73284494733622,7.58054847259059,6.00264902028964,6.56552846715419,7.26861919885740,5.35623854817770,7.17849541848843,6.97888536895001,8.72911131588521,10.2247972817499,10.2257078450935,10.5452687213635,8.98054994080219,8.85550914560759,11.8337410400139,10.5736263475821,10.6655720427037,10.3753930218168,10.9712962014972,10.7058423107253,11.2816299280555,11.6088277111037,11.1702729012092,12.5528652185659,13.7536291428827,12.3050427541211,13.1243015277706,13.5614417595082,12.3226090696477,12.3754375149279,13.0228292451494,12.9321720480008,12.8571426942053,12.2408832256918,11.5991458294377,13.3405827947960,15.4741672970334,14.6419148846842,14.4469298475991,12.3969500160056,10.7844899350552,9.85895551417437,10.9486446705842,8.98836253015917,10.1186046169640,7.79478467757159,8.33976323565594,6.63078310917739,6.30704917893274,5.02152059450874,5.02620611319497,2.76600785326541,1.38528608704016,1.85927122103830,1.02915597337090,0.430416532617214,-0.460549573984333,-3.25990377503861,-3.49812035738268,-3.79053378791617,-5.40090180194746,-6.29450346240307,-7.23074580018654,-7.07730975870955,-6.46669981696856,-7.82481124892738,-9.97890629908611,-10.0703723828991,-9.71380232642263,-10.1892058140007,-11.3381760140506,-11.6167873764981,-12.9088623436211,-12.0273791053629,-14.7900358078495,-14.1255256377199,-15.6427331695109,-17.1189498318423,-15.5688284479797,-15.1594415116007,-16.0038191751772,-16.5771969227131,-18.1193043980564,-18.6104096934387,-18.0783922127046,-17.5701873847173,-17.5729222873505,-18.3543639104074,-17.2687142384167,-17.8704098193578,-17.8248307738724,-16.1618050924974,-17.0218508294633,-17.7601452742450,-15.9541054505643,-13.8010005770372,-14.5214288207687,-16.5320008573003,-13.9785877480989,-12.2552086897853,-13.8726518453344,-12.0617351415596,-11.9498154847771,-12.8038079029155,-9.80714441495414,-11.7329838723910,-11.6831893391863,-10.4308410781294,-9.19808004485005,-8.34036910472590,-8.47401884683621,-7.73067204406014,-7.82323419966504,-7.32537427915738,-6.90902630403283,-6.33323719062553,-5.83985343466724,-4.82461041758008,-6.30088323190198,-4.58130272801781,-3.11463648327937,-3.08105990361698,-1.86718833978870,-1.36889378838142,0.691799171248849,0.140722670562377,-0.181245277599525,-0.595218264801681,-1.68990781789986,-0.463202553032660,1.18427154109593,-0.425888517118711,0.842789559026828,1.14252670661593,1.82194307215235,2.28791216344240,1.13895188042175,2.87362907245062,2.39449609391445,1.91588825194534,1.57282046646090,3.18710109711784,3.48841987771045,2.18857902619679,2.08897191381104,2.74622326776140,3.93878417674722,2.89484815785387,4.70701825011016,6.00841723238446,4.78973170686329,4.78036590267403,6.69793679205241,6.14175466780694,5.47651826882106,3.61389814080177,3.14832897486813,4.48138538401951,4.81652424973566,5.09842291398319,2.79220288276006,2.82274353922629,1.37193403047785,2.69204766182783,2.27718298473669,3.47949933549080,3.36828473820255,4.24515528363156,4.31597552614200,3.72702231107571,3.46955124882537,2.12052939504351,0.442965068460525,-0.168940267565274,0.499006496037079,-0.179871152261731,0.768479853455471,-1.08658211906093,-0.214293259759739,-0.815943683012222,-1.14045109623011,1.63825229041433,1.38518110069815,2.70283482700905,0.833506411487612,1.17722091468694,2.23961081044531,3.74111062215789,4.13887014664039,4.00457110602311,3.28769885172467,2.17517109117115,3.49708920736110,3.75072214328059,3.09347224820396,2.61446021558308,2.01625241051572,3.02157553923157,3.04292208765625,4.01768380241608,2.61111586970650,4.20323289990452,4.58096391174010,3.82851848389030,3.54921994825309,5.57120564755648,5.27212497864896,5.06049108198276,5.71681729885639,5.23145528474467,5.86208862107278,6.38706780412234,6.81920491534230,8.34741692815642,8.24551124099396,8.90935154918002,9.88219123651250,9.98990216953209,8.72288599895700,10.8926224685604,11.7938398985825,11.9283166642333,11.7935831156987,10.2765204239749,10.6332791766058,11.2245125491571,8.56694816194991,10.5304693459570,10.0943835585177,11.9681374988523,12.7423037629959,14.1325417691982,12.9095602666394,10.7700176391690,9.56036230826443,10.1575633456511,10.8307261215974,10.7156258136621,9.21877950113030,8.51533883927596,8.33632320279219,8.68745106238325,7.69355372516572,5.51199554040937,6.30399477102154,5.68315347258386,5.98711458382440,4.45129120725774,3.52363380166857,2.08316488812730,0.654730091031495,-0.0638212602247545,-0.730757854138024,-2.97131354166865,-3.44829124155925,-4.81683366234986,-5.86413775408857,-7.44532571679966,-7.14092096769304,-8.32655134361583,-11.5337419980972,-10.5533196798402,-11.5996389810688,-11.2338876502469,-12.1423155057015,-13.2202732997664,-13.8941100545049,-15.3264523812226,-17.7461964553801,-18.3812662653394,-17.8355420470969,-18.8617611810544,-18.7849019028450,-19.7922337118634,-20.7071133215435,-19.7433933069485,-22.1080727056054,-22.0605717343663,-22.7524261689539,-23.5520831865142,-22.5619899726082,-22.9866172676108,-20.1126463244939,-20.8617684571203,-19.6800512847547,-20.9782444514397,-20.0471157976420,-18.9350255650746,-19.2069018511057,-19.9467164162143,-18.0218539122793,-18.2542249404043,-18.0571481389511,-15.9017623277330,-14.3738712010692,-14.5300463299600,-14.2277017997650,-14.4106880052911,-12.0101613620069,-10.9620448860644,-11.8934896451781,-6.97027721983838,-6.56422355797395,-3.76873451563444,-4.47830704232285,-3.63464498657610,-2.63242134335895,0.371953694534263,-1.21902103801430,1.66297670130723,2.02634992948022,3.30473676859176,3.59500568896780,4.21263334363268,4.03983414469424,7.93438570980579,8.42500862251852,8.03516481696389,7.88349110123285,9.53641140860469,11.4428454814507,10.8818839821999,10.4282471487008,11.3413787328972,14.2858093589245,14.5441155082758,14.0872811169275,13.6988052741425,13.6196905862758,13.7561825594084,12.1350736873366,12.6180692775175,13.4579946353175,10.8063227776206,10.4090574779463,11.7030341264725,12.5716920727116,10.4519261086442,10.4389438538716,11.9034824236864,8.23366579335439,9.73776102474984,9.05609000608688,7.75752796197527,6.31886994170440,6.10530267739935,6.04368664619548,5.12298028402943,4.84046021394825,3.01722561824548,1.70035606032929,2.21180110337841,3.53816198916154,2.90053232388753,-0.277655013709054,0.121008679400459,0.715574000091666,1.10796055288417,1.44810550412791,1.25762158659052,-0.805818442292595,-1.24462314329173,-0.679155719739812,-2.53875209790415,-3.06010668652455,-0.250136846865379,0.715904281139359,1.51307274536242,1.55745320754574,1.88825807508610,3.88574862347582,4.16105387570098,4.30524775972778,5.48126810781919,5.96166440283552,9.42204112684364,9.64534504486439,10.0412028501606,13.1081992051941,14.3201725817266,13.8174722379614,16.1755515181737,17.0926357458461,19.8969628085913,20.9951138183657,21.4477506831007,23.1567385440794,24.1960240972220,26.1593989836476,26.4726053488010,28.8201041944538,28.9646129704554,30.9151205549606,34.8624699454092,33.5701645380447,34.8069580916961,35.9829197510847,37.9207744907983,39.2858859666458,39.6137004471133,41.9948265953727,42.5566558013181,42.8163709538623,41.9600331663941,43.0740151360838,43.4331153346474,44.7160755719717,46.1478588044631,45.2075387188727,45.7856668033175,42.6880273597872,43.8433710583137,43.7279611611182,42.6354577499468,41.5701830293656,40.6262366397540,40.8863400131295,40.6570216813569,38.0537185871597,36.9420983374583,36.1030321227355,34.2032446538108,30.8545716863921,31.3185244274340,30.3046590128054,29.3486880248006,27.6987417155979,26.1646580660669,23.2484390984234,22.4940104223942,22.5723169809699,19.2639374771706,17.8583647737743,16.8619824323699,16.5308297113155,14.4704448437748,12.6839644011748,12.7347569057558,11.0972743892294,9.01677002089588,8.03551002241525,8.09951912935835,7.15882938003985,6.67589939485608,5.37346033223620,4.82507110998736,3.68349650676592,3.13714375938892,1.93021358234411,1.51711494473413,